

value of ytrue is
 48.2907
 99.5015
 17.3234
 67.2663
 78.6055
 56.0094
 31.8889
 49.5303
127.4131
 62.6727
 67.3131
193.1759
 27.0375
 14.4866
 17.6603
100.5072
 89.3092
 78.5170
 38.1806
 10.7366
 15.1981
 45.7995
 53.9161
147.7206
 94.3792
150.8558
 83.5480
 96.8887
 57.8818
 26.9830
105.1496
 98.1463
163.8792
 23.5345
 41.6993
 91.3445
 56.2691
 29.2924
 35.7282
 37.7105
 88.5102
 81.2150
 59.9175
 57.0122
 51.9103
 81.8979
 45.2610
 27.3357
128.1060
 36.4990
 43.2731
 87.3911
102.1487
177.4625
 40.5811
 54.8655
 46.3203
 22.9832
 31.6738
 83.2687
 40.1255
 92.3762
 84.0472
114.3814
114.6041
 35.2960
 85.3375
117.0823
128.7733
 89.4816
 75.2483
 17.9496
 49.4385
 66.2049
 66.6294
 64.2514
170.1596
 52.5452
 71.0664
 46.5744
 12.9326
 29.2202
 81.3917
 62.1262
 62.6991
 82.9197
 82.8102
 54.6970
109.7228
 49.3172
 50.2000
 54.4573
120.7052
 96.5114
 81.6174
 61.4669
 43.4147
 23.9935
 27.8308
 44.3433
 80.7313
 42.9535
 53.1460
 22.9488
 20.3600
 40.9629
 11.1736
 38.2973
 89.5678
 45.6822
140.7374
 50.6110
 35.2427
 72.5368
 44.3002
124.2829
 26.1178
 58.9949
 28.5627
 45.8823
 27.7559
 90.9746
 54.0413
123.9468
 63.4903
 73.4679
 46.5371
 52.0279
 15.9133
 78.8401
 62.9110
 65.4517
 98.0011
121.9104
 77.9700
 56.5244
 46.4497
 61.3834
 63.8111
110.1616
 73.8361
 62.9150
 89.5636
 69.3193
 58.6378
 20.6623
 69.2782
 37.0467
 20.9928
113.9568
 19.2457
 74.2334
 26.8356
 58.2665
 22.6623
106.4278
 55.9505
 20.1155
103.1617
 35.6602
 49.8622
 80.5619
 37.5009
 40.2439
 55.4108
 25.9818
 48.3373
 82.9417
 19.3276
 57.9784
 34.2825
 91.7016
 37.1103
 92.6694
 28.7439
 73.7072
 64.3662
 45.1055
 26.9214
106.4895
163.7281
115.4171
 55.9405
 50.6420
 58.2412
 65.8674
 32.9098
 30.8236
 33.9560
 30.4158
 60.4662
 60.2839
 46.1617
120.8303
 43.4796
 60.0525
 30.0656
 62.0400
 60.8516
102.3543
 56.5693
109.8451
 53.6732
 50.7939
 28.4483
 74.9200
 71.8254
 40.6538
 78.4947
 57.3754
 31.5461
132.0780
 61.0899
 60.2877
 78.5216
 25.4142
 74.2950
 22.2235
141.3100
 32.4683
 84.2726
 43.7202
 31.3033
 36.3821
236.0770
 66.6911
 83.5877
 30.9628
106.9557
 56.9667
 53.1755
 97.8057
 52.8851
 56.2289
 32.6000
112.1087
 60.8014
120.3989
 39.9976
 42.4624
 37.8801
 19.5970
 58.8048
 75.5994
 59.8896
 32.6016
 31.5080
 53.5576
 34.3721
 65.5958
 35.8322
183.1048
 51.5259
 43.2875
112.1709
 17.6048
101.2125
 94.3551
 59.1550
 35.2146
 83.8147
 75.5244
100.7381
121.0864
102.3584
 87.0501
 83.4364
 54.6242
 48.9041
 92.2801
 42.0431
 54.6125
 17.8424
107.9591
 37.0189
 47.8333
 19.4110
 88.5487
 85.1188
 39.2941
 77.5323
 40.3415
 33.3425
 36.6786
 94.2300
 53.7553
 69.0806
 42.9090
 79.4333
122.2652
 46.2080
  9.5399
 53.3872
125.0949
 60.1668
 81.2745
 28.9965
 31.5255
129.6144
 30.4057
 40.2916
 42.0991
 34.5681
 55.5957
131.9496
157.9569
 44.7386
 93.1535
 61.9015
108.0986
 31.8363
 45.9412
 42.4862
 56.8284
121.8392
 47.9674
 38.6491
 33.2179
 18.6185
 93.8556
 69.5498
 61.2338
 26.7184
 68.4127
 41.9262
 70.8347
 46.1213
 50.8726
 58.5264
 67.9578
132.0699
 80.6983
 29.3023
105.0910
 32.2874
 40.6263
 53.1343
 30.9108
 57.2173
 80.9608
 75.8884
 15.1696
 36.4138
 92.8379
 59.7969
 55.4062
 57.3009
 43.9349
 43.4503
141.4060
 76.5235
 27.6101
 86.0874
 78.8547
 61.8238
 67.9829
 69.5168
 88.3807
106.0772
 48.6038
 92.3865
 42.4043
 76.2138
 63.4140
123.6647
 38.9521
 92.0127
149.0690
 23.5698
 46.6416
111.7654
 28.3781
 88.2525
 71.6789
 53.3777
 30.9005
 27.9400
 63.6520
 47.7964
142.6460
 28.4723
 75.0202
 65.4064
135.3941
119.9909
 97.2113
 56.8443
 62.2074
 26.6915
 42.5738
 29.5787
 90.9683
 58.9308
 59.5996
 85.6015
 43.0183
135.2721
111.9470
133.1425
 51.0748
145.0921
 35.0544
112.5148
118.6399
 55.1634
 46.1694
136.1960
 38.0627
 36.8718
 58.8051
 34.1315
 33.9664
  8.1285
 32.8087
 40.7062
 32.6893
 24.2084
 72.6807
111.1030
 81.0191
 71.9100
 73.8898
 57.2751
 16.5425
 10.9687
 40.1790
 54.7935
122.9721
 53.4017
121.2612
 66.4670
 49.3175
 66.8459
 47.8662
 82.4600
 52.1123
 71.3708
 77.4989
 55.8543
 26.3381
 81.2410
 99.2588
 82.4775
  5.5624
 68.1686
 71.0784
 50.3762
 74.5985
131.1133
 33.0179
190.1228
  9.4489
 32.6735
 98.5925
 53.1652
 71.3784
 36.5456
 25.0562
 71.7848
 21.4451
 51.5375
110.7299
 73.1928
 60.4076
 22.8113
 38.5069
 45.7084
 53.3391
 65.8282
 36.4232
 55.1721
 54.4508
 36.0536
 65.6522
 71.9790
158.3838
 32.2062
 62.2706
 15.4169
 83.3070
 47.3771
 79.1094
 13.2573
 64.9685
 42.4691
 62.7593
 12.4039
 82.5534
 46.2204
 54.8896
126.6827
 86.1170
 78.9434
 16.7434
  9.9733
 35.8691
110.4117
 29.0447
106.2260
 39.1075
 87.7133
 81.9756
 89.2460
 38.2510
 45.2288
  9.9786
105.3357
145.0175
 43.9469
 50.1368
 81.1274
 58.5013
 82.9830
 47.3981
108.1508
 31.3287
 47.8698
 31.7116
 51.8700
127.7584
 64.6450
 68.6319
 74.6026
 18.8827
139.7927
 77.8243
113.4642
 99.0336
 60.2494
 85.6869
 22.4067
 39.6120
 45.3455
 34.5877
 59.0777
 43.3765
 57.4736
 16.2566
104.7789
 39.3648
 36.2555
  7.3394
105.9031
 51.5999
 35.6022
 70.6822
231.1402
 70.3060
 28.8190
 61.7446
 41.5961
 47.3749
 28.4033
146.6170
 71.7538
 35.3586
 82.2256
 48.0743
 55.0001
 96.1242
118.8161
 49.3417
175.5075
109.4792
  9.0066
 55.6447
 49.1995
142.1069
 73.4081
 37.1209
 58.6257
 48.5499
 49.5350
 60.7382
 80.5709
 47.6804
 75.2031
 53.9471
 76.9358
 22.0916
 60.7435
101.8386
 58.2355
 64.3968
 27.4900
 32.0058
 15.8275
 55.2291
 27.7901
 71.9710
 84.3494
 55.4187
 37.9410
 62.1439
 32.0833
170.5199
 35.6147
 36.8538
 86.1168
 38.7536
 46.3822
 39.0062
128.6366
 64.1732
151.8857
 53.1973
 90.1665
 55.9193
 35.7312
 38.9651
 27.9201
 79.6485
 35.8221
 29.7781
113.6724
 42.4098
 35.0967
 33.8555
 62.1347
 32.7981
 61.1374
 26.9966
 27.3726
 96.0004
 23.0491
 15.5351
102.0773
 26.9419
 62.6490
141.9566
 97.2515
 40.7297
 30.5440
 58.5748
 32.0241
 74.9049
 63.4830
 54.9557
 59.0028
 44.6444
 28.2112
 50.5544
 64.3362
 45.4431
 64.0920
 82.6396
 61.8296
 37.6205
100.2357
 85.3014
 68.0876
 82.0785
 58.5445
 44.8407
 23.6255
135.6812
 59.6664
 47.3419
 30.2765
 59.8881
 85.6380
 24.0644
105.9305
 51.7951
 81.5128
 45.9370
118.5469
 52.9239
 77.2459
 69.5603
 21.8089
 23.1591
 78.0759
 43.3934
 27.8208
122.2402
 45.8212
 52.4721
 31.1360
 45.6433
 45.1695
107.1629
 36.1431
 33.2464
 57.2969
 37.7456
 47.4524
113.1419
 38.8969
131.1929
 55.1274
 31.3232
 15.1586
 60.7005
 58.5044
 60.8245
 60.5153
105.7855
 83.4089
 16.1457
 76.6141
162.8412
150.2513
 78.1714
135.3858
 62.8476
 31.3264
 44.5257
135.4794
 61.6421
 76.1118
 61.6252
 65.0544
 93.6464
 70.7112
127.1334
 48.2028
 19.9586
 60.1661
 63.1238
 99.6158
105.8315
 50.6404
 19.4390
133.9075
 21.4691
 92.7633
 83.7774
  8.1794
106.0945
 39.2880
199.2102
 74.1194
 35.6072
137.4757
104.9418
 36.9769
 24.1706
 32.3557
 34.7331
 37.4054
 52.9426
105.7328
 26.5227
 50.7228
 50.2498
 45.4976
 52.5418
 39.4993
 22.1877
 32.1991
 71.5049
 97.3949
121.4788
 17.6087
 67.2067
106.4197
 67.5573
 39.8965
 48.2148
 45.9439
231.4583
107.9042
 73.6486
111.1655
 79.2749
 44.1306
 73.9370
 45.1592
 58.2890
160.4013
144.3461
 70.6331
 85.7377
 62.6681
 11.2646
 65.4286
 31.4346
 59.5759
 30.7135
118.0577
 79.4591
 61.0289
 22.0651
 38.6162
 68.7917
148.8450
 55.0534
 81.4109
138.3620
135.5173
 45.2877
 78.2291
 76.4017
 77.4919
 70.4948
  6.4137
 38.9071
 15.7303
 24.5848
 61.4128
 73.0267
 41.7070
 56.6376
 50.9778
 22.1079
 48.4395
 64.8919
 58.2010
 30.9203
109.2952
 85.9285
120.2611
 34.7024
 32.0812
 48.5768
 25.8438
 19.5459
 73.6663
 39.3896
149.3022
 84.5632
 62.2773
 26.5817
127.4641
121.2436
  7.2566
 77.3003
 66.2122
 72.9848
 63.2450
 76.3015
 65.5775
 41.4322
 51.0032
 25.4263
 18.8159
 60.6665
 39.9136
 67.4838
 72.9418
 37.6759
 34.0597
 58.6911
207.4156
 84.6134
123.3139
 75.6612
107.0700
 47.5390
 71.3382
102.8642
 30.2333
 51.6002
 97.0807
 55.4213
 92.6439
133.8133
 59.9927
 27.4081
 44.8844
148.3529
 40.9363
 67.5983
113.4861
 76.2809
176.2929
 48.2403
 34.6496
 27.2951
 73.4406
128.7076
112.7234
 44.1790
126.1945
 44.5432
 44.8943
 20.2044
242.6503
 56.8874
 32.7439
 13.5186
 42.8265
 36.1834
 66.9672
 44.7087
 64.6665
109.1048
 24.8044
 66.3069
 41.8924
 63.4317
 18.0118
 88.6203
 45.0865
 88.1049
116.3303
 66.2349
 57.4617
138.4754
114.9083
 57.6191
134.4501
 52.8474
154.0946
 51.3415
111.0209
 86.0163
 48.4500
 64.4522
 46.7534
 61.4159
 80.2963
 29.8437
 44.6157
143.4479
 53.6671
 78.5824
101.3420
 81.3288
 38.3423
 44.9001
 35.2485
 61.5782
138.1560
 43.4235
 51.4561
 14.1702
 55.1744
117.5407
 49.9778
 93.7460
 22.6391
 86.1967
 80.2411
118.3014
150.9074
 70.1911
 48.4276
125.1568
 88.0061
 39.7586
155.9566
 36.6528
102.1044
 73.6963
 72.1411
 67.1810
 38.3934
 20.7645
 30.2865
 48.0756
 55.5012
 67.4778
 73.7166
117.0458
 65.9535
135.4540
129.6111
 84.6635
 27.9928
 87.2519
 65.7752
  7.9363
 78.7696
 46.2749
 24.8892
 39.2060
 25.9124
 13.0418
 66.8327
 64.1009
 66.4524
 64.5296
 60.8853
 77.1573
115.0483
 48.9600
 61.1194
 83.5909
 44.9205
 49.9355
 93.9132
 34.8517
 54.6266
 35.1103
 90.6046
 99.8387
 33.6451
 52.9045
 34.6598
 58.9892
143.4368
 77.8251
 26.9821
 43.8597
 89.8281
  9.5792
 46.1248
 21.9988
