

For gaussian noise:



Before adding guassian noise, the ytrue vector is

 62.1057
 46.9668
 18.0001
 28.1501
 73.1860
 71.2234
 75.7711
 61.7279
  6.9479
 84.1376
 29.2622
 32.9198
 50.4095
165.4590
 34.9671
 85.8324
 53.6754
 16.7252
 59.2556
 25.1042
 52.3503
 46.7785
 30.0159
 44.1775
 67.3262
 19.9918
 40.7959
 90.9728
 67.0384
 63.5883
 62.9375
 14.2654
 30.4487
 47.9740
 35.6548
 40.8499
 73.3853
 80.3182
 87.4773
 94.0149
 81.0012
 75.9638
 89.5780
 52.8508
 26.5098
 88.4687
 54.5757
121.4647
 35.4853
 76.0228
 42.7234
 51.0045
 36.9233
 14.5169
 44.0794
139.1817
102.7222
 62.1565
 73.1646
 68.9178
 36.2959
 43.3662
126.7842
 52.3817
 15.5129
 76.2826
 58.4179
 57.5852
 81.8667
 43.4244
 14.2661
 50.2501
115.6460
 81.3272
 41.6040
 62.9902
 36.0374
 74.3256
 70.4378
152.5117
 99.7116
 68.8107
 91.3983
107.4530
 81.1158
 86.6611
178.6228
 37.8710
 63.0431
 42.5662
 48.0736
 15.6895
106.7382
 42.2279
 77.6768
 61.4805
 77.5172
 71.4724
 55.7652
 68.2255
 27.3800
 72.9718
 24.2115
 82.8498
 66.7793
 71.3747
 23.4220
 75.5056
 71.7414
 39.6074
 90.6244
 46.0418
 49.3789
 98.9685
 68.9149
 33.4427
 67.6057
 36.3004
 54.3464
 50.7192
 24.7229
 34.0409
 54.7965
141.6265
 26.9376
 52.9064
 13.2623
 50.9430
130.1579
 32.3061
 74.7913
 35.4308
 54.2556
 37.2353
140.3736
 23.7295
 66.5832
 47.6642
105.7720
 24.7568
192.0392
122.8606
 36.4001
112.4544
149.6062
 16.2884
 25.3807
 58.4997
 17.4832
 60.8981
 79.3020
 67.5064
 50.3929
 35.9576
114.3357
126.1783
 95.4121
 19.7427
130.4311
 53.1951
 29.2249
101.1369
117.7654
 70.4666
 83.1763
 54.2489
 51.8358
 43.8158
 68.5903
 95.0722
141.3575
 62.9614
 47.6455
 51.0843
 17.4506
 43.3375
 93.5589
 27.0193
 92.8098
 88.2875
 84.4162
 58.5064
 44.0120
 53.7091
 79.2115
 65.8521
 70.0714
 83.5132
 95.3424
 28.4050
 34.5705
 24.5171
112.8339
 72.9198
 58.8663
 35.0305
120.4944
150.2037
 68.5459
 31.9566
175.1722
153.3221
 62.6759
107.3964
103.2180
 43.5780
 23.9116
 51.0247
 77.3832
 72.6499
 67.2214
 72.1959
105.1569
 71.5239
 41.2889
 14.7357
 67.6735
 13.3584
 52.3902
 69.6622
 79.7833
 16.5442
 73.0358
 46.3932
 44.3093
 19.1592
 88.1949
 27.0933
 33.5474
 57.6920
 46.0110
 71.4475
 65.9622
 82.9706
 48.9799
 37.0241
100.1480
 84.1341
 80.3415
128.7183
 46.0438
 35.5105
 30.2352
 30.8420
 40.0274
 36.9507
146.2567
 48.1873
 24.1612
 74.4490
 34.1536
149.0868
 68.5805
 46.2525
101.9282
 92.6987
170.8383
114.1437
 55.4507
 61.8483
161.7385
 44.7219
 35.6176
 38.0760
 97.7983
 75.2002
 55.2009
 43.9788
 43.7748
 32.3673
 24.4961
 92.7143
227.5713
 39.5471
 46.9567
 45.6997
 23.0717
 74.3585
 70.4806
 26.3519
 23.9324
 91.4215
235.9045
149.7299
  9.8181
100.8788
 69.5167
104.0468
 68.0066
 67.8682
 27.4999
 33.7033
 69.8296
 55.8517
 91.1083
 19.2286
 43.7364
 38.1700
186.3688
 73.6963
 58.4407
 60.1222
 21.9195
 30.7389
187.1054
 77.6740
 80.7988
 29.7480
 22.9501
 23.8942
 70.5640
141.0125
 24.4271
 47.4085
 61.1635
 72.7194
119.5212
 69.3484
 48.5391
 43.9360
 91.2974
 58.5259
 20.3555
 43.0642
 37.8183
 61.3280
102.9944
111.9557
 35.0640
 91.3206
 53.9357
 69.2304
 29.9368
 23.3280
 48.3779
 60.0354
213.0801
 48.1138
176.9466
 88.2291
 68.9198
 46.5765
101.4463
 46.1682
 77.1931
 69.7669
 52.6472
120.6025
113.1196
 83.0367
 31.1840
 93.0308
 56.2765
 80.8283
 58.9849
 79.2915
105.6431
 98.2090
 63.7228
 72.3193
110.8650
103.1171
 23.8778
 62.2240
 63.4529
 66.1685
 74.7697
 12.1907
 15.0582
 33.2981
 92.4487
 62.1594
 13.6540
119.8435
 79.4146
 23.9881
 84.1947
 26.6463
 37.7310
166.4477
 41.1020
 92.8125
163.7468
 72.8460
 78.0409
174.3769
 22.4341
 91.4612
 55.9458
 94.5746
 20.0047
 67.4099
 63.1475
 47.9703
 45.8297
 64.4750
 74.2739
 54.5244
 61.7483
 68.6306
192.2996
 57.9886
 52.1921
148.1120
 55.5895
 92.3382
 89.2711
 57.7287
 84.0401
 73.7820
 92.0909
 66.1226
159.0022
 79.0170
 41.2290
 82.2509
 91.4727
100.9209
 24.9612
 61.7565
 56.3749
115.3730
 51.8486
 49.8757
 43.4913
108.7271
 94.2611
 64.3746
 92.2023
 66.2490
 81.4744
 65.6339
 93.7711
 82.6334
 28.5362
 55.7762
 56.8828
 37.4735
 35.4451
 14.4794
 51.5120
285.5083
 41.9537
 77.9617
 47.5020
 54.1246
 86.6990
 38.3289
 42.6671
 74.7862
 10.1607
 90.7324
 84.9377
140.4764
160.1101
 26.1377
 69.8931
 29.9967
 96.2508
118.4876
 45.2840
 88.9655
 66.0993
 54.8671
 56.3657
 47.0098
 21.1094
200.8737
 69.0245
 23.2890
144.3545
 73.0692
 46.0958
 29.3448
 44.9029
148.7555
 57.7028
 90.1820
 97.3089
 90.9320
 39.2646
 67.0369
126.0293
 17.7287
121.1566
 92.6729
 57.1681
 87.4235
 62.8971
106.2115
 71.0873
 78.7769
 24.1787
 98.5644
 63.2491
100.4085
 30.6206
143.0906
 90.4133
 92.4925
 53.0783
 90.2956
 59.5522
 89.4636
 57.3511
 56.1812
 91.4176
 38.6615
210.0626
 57.4921
 72.2700
 50.2072
 55.5124
 64.9198
 67.1148
 30.7756
 14.2802
 49.2916
 34.2083
 65.1531
 50.4365
 70.7862
 93.8403
 26.3750
 50.2815
 36.5487
168.1609
 50.0212
125.0207
 45.2131
 45.5629
102.6374
118.5404
 61.2390
 14.0981
143.4797
 68.9879
 68.8813
 21.2293
138.7262
 83.5580
 56.8708
146.0977
 38.9447
 62.6374
117.3662
111.1566
 61.8183
 34.5585
 78.5429
 51.0969
 88.3754
 32.8575
 38.8338
100.5090
 37.6062
 39.0308
127.8440
 24.5183
 32.6704
 96.3698
116.4675
 20.8360
 87.0897
 37.8138
108.0720
 73.0980
108.4797
 59.1865
111.0419
 46.8482
 53.2003
 43.5832
 57.3604
 48.0116
 17.4089
 29.0258
 37.5404
 31.6737
 40.9477
 94.0736
 12.2851
 70.9200
 40.1279
 72.0528
134.3518
105.6444
 52.6276
202.4051
 71.9412
 79.9860
 72.7427
 38.0454
 63.4047
 36.1091
239.6012
 47.9800
101.2126
 25.5028
 25.4471
 42.6348
139.6844
 35.1846
 57.7297
 45.8996
117.3507
 40.2779
 13.5649
  9.8017
 66.9697
 51.0688
 92.6900
 72.5359
 78.1553
 45.7151
 97.1039
178.2285
 39.8431
 98.3483
 52.4056
 43.7790
 83.4663
 70.8460
 35.3094
 12.6787
 76.2944
 54.0899
 73.9735
 22.5847
 22.8270
 30.1157
 82.7202
 10.7634
101.5986
 45.6934
 35.7776
 64.3576
121.1055
 30.6588
 86.3147
 80.2596
100.8257
  7.0411
 89.7998
104.6823
 35.3714
164.3795
 83.8074
 17.8563
183.7159
 60.5539
 36.8788
 32.1239
 62.5358
 59.8178
192.3898
 52.6182
171.8224
 85.5818
 80.7720
 52.2006
141.8692
 37.0560
 15.0608
 47.9381
 45.7883
 50.3334
 56.8638
 73.4174
 31.4968
 69.8151
 65.0164
 71.4593
 36.3103
 37.4758
 69.5310
175.4743
  8.9937
 72.2334
 99.5115
102.6522
 50.1677
 24.0137
 46.6577
 71.5870
 85.4628
 33.9977
127.4451
 20.6329
 68.2601
128.5988
  5.9301
 37.0473
 51.0430
 64.5475
 55.9478
108.1485
 67.5734
 24.9337
 21.0797
 99.4609
 98.9628
 30.9928
 67.7049
 61.3231
 39.7928
 68.3704
 50.4411
 71.8883
 76.6430
 25.8711
 88.3221
 71.8582
 38.6885
 34.4076
 75.5156
121.5049
 63.5353
 25.8558
101.8265
 21.9815
 98.5629
 15.0353
 70.5028
 83.5714
 86.5768
 98.2054
 48.9494
140.1392
143.7450
 36.2641
 20.0755
 72.0618
 64.4331
 50.0722
 17.9867
124.2752
 85.2526
 54.1357
 59.9026
 70.2707
  8.9375
 38.0672
 23.7872
 72.1272
 24.3287
 26.4374
 96.0821
 39.3804
217.0542
112.9165
 47.3983
  9.0361
 81.7329
 39.0927
 30.1672
 83.5247
 26.9383
111.6215
 18.5066
 54.2940
133.2926
 39.0490
187.7374
146.1545
 69.2227
 19.4188
 15.7049
 57.5834
 94.7758
 24.5900
130.7984
 26.1106
 89.4412
 64.3671
155.0722
 41.8789
 37.8034
 17.1550
103.9040
 25.8311
 64.4137
 73.3986
 49.1148
 82.2904
137.1456
 59.6359
 96.1421
 83.4221
 86.0425
114.9269
 78.4403
 24.3751
 35.0634
125.8733
 41.8724
 63.1739
 81.4369
 37.4088
 98.5412
 93.1166
104.6267
 52.0405
 37.8081
 96.8864
 86.6886
 51.6750
 33.3204
 67.4637
 57.4879
 70.4714
 83.4010
 50.1515
 78.7111
159.0739
 37.6682
 45.9915
101.3690
 57.9827
 90.3282
 42.1395
 64.7149
 61.4711
 32.1657
 20.2245
 90.5926
107.6696
 81.3072
 20.0065
 76.9843
 77.6948
144.9889
 18.3990
 14.3513
 57.7268
 17.4814
 90.3507
 52.0345
124.3877
 27.7844
  8.0255
 57.6439
 58.9738
 86.4750
109.7399
178.5666
 38.3988
 19.9141
 48.6761
129.5959
 26.9238
 52.6947
 50.1523
 27.8059
133.9196
 99.4802
 44.3372
154.0177
 43.4377
 95.2876
133.8639
 87.8742
 80.2709
 49.0606
 31.4148
 92.8622
 97.4644
 37.2646
 79.1537
 41.5397
 78.7622
 48.5637
 77.6440
 40.4095
 45.3351
115.2067
 21.4817
 63.8708
  9.8338
 58.4921
 15.4186
 60.0343
 19.0749
148.2375
 67.1525
 48.1871
 83.5462
 25.6948
 35.6976
105.2488
 77.3661
 17.1110
 57.1026
 27.9096
 50.8451
 39.0053
104.1304
 28.2678
 60.6331
 49.3774
 32.2851
 49.4995
 52.2742
 90.7834
 26.8133
 42.5710
 79.0535
 66.4851
 57.0795
 45.8455
 17.4900
221.9425
 48.0609
 84.1408
 46.4862
 42.6175
 98.7942
 82.1149
 68.1410
 52.5650
 43.9427
 86.7906
 89.0713
 99.8183
 52.5221
 64.8607
105.9941
 34.0015
 63.9735
 56.1680
 25.8648
 51.9579
 47.3447
103.7603
 94.9744
 56.9209
 65.8783
119.5649
 38.3086
 35.7435
 45.5144
 50.6056
 37.4361
 27.4086
 88.0015
 86.8723
 47.4776
 26.0729
 47.2607
 43.4873
115.0836
 76.7770
 29.3763
 95.0365
 94.6017
 33.3074
 49.3999
 92.3436
106.2641
 48.1946
110.3558
 27.4981
 31.8898
 70.4354
 80.4260
138.4158
 67.9959
 64.4861
100.0462
 44.9622
 18.4468
 21.7354
128.7196
 13.0533
 92.9299
 37.0263
 31.5572
 78.5510
 66.2537
 39.2874
 39.7156
 90.6535
 97.3337
 48.8343
106.0088
 24.0476
 39.7276
 80.9814
124.0019
 67.7420
 64.3437
 77.3545
 34.5395
 26.7294
128.7168
 43.6412
 59.1019
 79.4233
 49.3692
 55.0978


After adding guassian noise, the ytrue vector is

 621.0573
 469.6680
 180.0008
 281.5013
 731.8596
 712.2336
 757.7109
 617.2786
  69.4791
 841.3765
 292.6221
 329.1978
 504.0949
1654.5900
 349.6713
 858.3236
 536.7540
 167.2517
 592.5560
 251.0423
 523.5031
 467.7851
 300.1586
 441.7754
 673.2618
 199.9184
 407.9585
 909.7277
 670.3838
 635.8829
 629.3753
 142.6544
 304.4866
 479.7400
 356.5484
 408.4991
 733.8532
 803.1818
 874.7733
 940.1490
 810.0116
 759.6382
 895.7797
 528.5078
 265.0976
 884.6874
 545.7569
1214.6469
 354.8533
 760.2276
 427.2345
 510.0454
 369.2334
 145.1689
 440.7940
1391.8167
1027.2218
 621.5649
 731.6464
 689.1780
 362.9586
 433.6616
1267.8424
 523.8169
 155.1286
 762.8264
 584.1787
 575.8521
 818.6665
 434.2440
 142.6614
 502.5013
1156.4599
 813.2716
 416.0401
 629.9019
 360.3740
 743.2558
 704.3776
1525.1169
 997.1161
 688.1065
 913.9833
1074.5301
 811.1585
 866.6114
1786.2283
 378.7097
 630.4315
 425.6621
 480.7363
 156.8952
1067.3822
 422.2795
 776.7676
 614.8047
 775.1716
 714.7236
 557.6524
 682.2550
 273.8001
 729.7175
 242.1153
 828.4984
 667.7925
 713.7465
 234.2204
 755.0561
 717.4141
 396.0741
 906.2440
 460.4180
 493.7886
 989.6845
 689.1489
 334.4272
 676.0573
 363.0037
 543.4641
 507.1923
 247.2291
 340.4091
 547.9651
1416.2652
 269.3765
 529.0643
 132.6229
 509.4304
1301.5789
 323.0606
 747.9129
 354.3083
 542.5557
 372.3528
1403.7356
 237.2954
 665.8316
 476.6418
1057.7196
 247.5677
1920.3922
1228.6055
 364.0007
1124.5438
1496.0624
 162.8843
 253.8072
 584.9974
 174.8316
 608.9805
 793.0198
 675.0636
 503.9288
 359.5764
1143.3574
1261.7828
 954.1213
 197.4268
1304.3109
 531.9512
 292.2491
1011.3692
1177.6540
 704.6656
 831.7628
 542.4893
 518.3579
 438.1575
 685.9033
 950.7215
1413.5746
 629.6144
 476.4549
 510.8425
 174.5057
 433.3753
 935.5891
 270.1925
 928.0976
 882.8747
 844.1618
 585.0643
 440.1198
 537.0915
 792.1148
 658.5213
 700.7143
 835.1320
 953.4238
 284.0503
 345.7048
 245.1711
1128.3390
 729.1979
 588.6633
 350.3051
1204.9444
1502.0367
 685.4594
 319.5661
1751.7220
1533.2208
 626.7586
1073.9638
1032.1799
 435.7797
 239.1162
 510.2473
 773.8320
 726.4988
 672.2140
 721.9588
1051.5689
 715.2388
 412.8886
 147.3566
 676.7353
 133.5844
 523.9024
 696.6216
 797.8329
 165.4415
 730.3577
 463.9321
 443.0934
 191.5922
 881.9488
 270.9329
 335.4742
 576.9200
 460.1103
 714.4747
 659.6223
 829.7062
 489.7988
 370.2409
1001.4797
 841.3413
 803.4150
1287.1829
 460.4382
 355.1050
 302.3517
 308.4196
 400.2745
 369.5073
1462.5670
 481.8725
 241.6124
 744.4898
 341.5363
1490.8676
 685.8046
 462.5247
1019.2820
 926.9873
1708.3831
1141.4372
 554.5072
 618.4831
1617.3853
 447.2190
 356.1760
 380.7597
 977.9834
 752.0019
 552.0094
 439.7876
 437.7479
 323.6726
 244.9611
 927.1426
2275.7132
 395.4708
 469.5669
 456.9965
 230.7167
 743.5847
 704.8055
 263.5188
 239.3241
 914.2146
2359.0453
1497.2989
  98.1805
1008.7882
 695.1674
1040.4677
 680.0663
 678.6824
 274.9993
 337.0334
 698.2957
 558.5174
 911.0831
 192.2857
 437.3638
 381.6998
1863.6885
 736.9629
 584.4073
 601.2220
 219.1948
 307.3892
1871.0544
 776.7404
 807.9876
 297.4803
 229.5015
 238.9416
 705.6401
1410.1254
 244.2705
 474.0845
 611.6345
 727.1944
1195.2120
 693.4845
 485.3908
 439.3603
 912.9742
 585.2593
 203.5552
 430.6416
 378.1831
 613.2804
1029.9439
1119.5567
 350.6401
 913.2062
 539.3567
 692.3044
 299.3676
 233.2804
 483.7787
 600.3545
2130.8006
 481.1380
1769.4660
 882.2906
 689.1981
 465.7652
1014.4626
 461.6824
 771.9310
 697.6687
 526.4720
1206.0254
1131.1960
 830.3667
 311.8400
 930.3075
 562.7647
 808.2829
 589.8485
 792.9154
1056.4309
 982.0902
 637.2279
 723.1933
1108.6504
1031.1713
 238.7781
 622.2402
 634.5292
 661.6854
 747.6970
 121.9075
 150.5817
 332.9808
 924.4869
 621.5939
 136.5396
1198.4348
 794.1462
 239.8814
 841.9470
 266.4632
 377.3102
1664.4772
 411.0196
 928.1250
1637.4684
 728.4600
 780.4088
1743.7691
 224.3407
 914.6116
 559.4581
 945.7456
 200.0473
 674.0989
 631.4747
 479.7027
 458.2967
 644.7498
 742.7388
 545.2443
 617.4829
 686.3056
1922.9962
 579.8859
 521.9211
1481.1200
 555.8949
 923.3820
 892.7111
 577.2866
 840.4013
 737.8201
 920.9090
 661.2258
1590.0219
 790.1704
 412.2900
 822.5088
 914.7267
1009.2091
 249.6118
 617.5649
 563.7485
1153.7302
 518.4862
 498.7571
 434.9130
1087.2712
 942.6108
 643.7463
 922.0231
 662.4896
 814.7435
 656.3385
 937.7109
 826.3342
 285.3619
 557.7617
 568.8279
 374.7354
 354.4513
 144.7938
 515.1203
2855.0833
 419.5373
 779.6174
 475.0201
 541.2461
 866.9897
 383.2886
 426.6705
 747.8624
 101.6065
 907.3241
 849.3771
1404.7639
1601.1013
 261.3773
 698.9309
 299.9670
 962.5084
1184.8761
 452.8401
 889.6552
 660.9933
 548.6712
 563.6568
 470.0982
 211.0939
2008.7368
 690.2448
 232.8900
1443.5448
 730.6919
 460.9583
 293.4481
 449.0292
1487.5546
 577.0278
 901.8203
 973.0888
 909.3199
 392.6461
 670.3692
1260.2933
 177.2869
1211.5658
 926.7287
 571.6809
 874.2348
 628.9711
1062.1152
 710.8730
 787.7695
 241.7875
 985.6437
 632.4907
1004.0852
 306.2057
1430.9063
 904.1333
 924.9250
 530.7828
 902.9561
 595.5215
 894.6364
 573.5110
 561.8116
 914.1759
 386.6151
2100.6256
 574.9212
 722.6998
 502.0719
 555.1245
 649.1979
 671.1482
 307.7565
 142.8025
 492.9157
 342.0825
 651.5314
 504.3650
 707.8622
 938.4031
 263.7505
 502.8150
 365.4874
1681.6090
 500.2123
1250.2073
 452.1313
 455.6290
1026.3737
1185.4037
 612.3904
 140.9814
1434.7973
 689.8785
 688.8134
 212.2925
1387.2625
 835.5798
 568.7081
1460.9769
 389.4469
 626.3737
1173.6621
1111.5658
 618.1830
 345.5852
 785.4293
 510.9686
 883.7544
 328.5751
 388.3378
1005.0900
 376.0615
 390.3079
1278.4399
 245.1827
 326.7039
 963.6983
1164.6750
 208.3596
 870.8966
 378.1376
1080.7200
 730.9802
1084.7971
 591.8647
1110.4190
 468.4817
 532.0030
 435.8319
 573.6040
 480.1160
 174.0892
 290.2577
 375.4041
 316.7367
 409.4771
 940.7358
 122.8506
 709.1998
 401.2793
 720.5283
1343.5180
1056.4442
 526.2758
2024.0515
 719.4122
 799.8600
 727.4268
 380.4542
 634.0474
 361.0907
2396.0123
 479.8003
1012.1260
 255.0283
 254.4707
 426.3479
1396.8441
 351.8459
 577.2975
 458.9957
1173.5067
 402.7787
 135.6491
  98.0173
 669.6967
 510.6877
 926.8996
 725.3586
 781.5527
 457.1507
 971.0392
1782.2853
 398.4311
 983.4830
 524.0557
 437.7898
 834.6628
 708.4600
 353.0937
 126.7868
 762.9445
 540.8991
 739.7348
 225.8468
 228.2703
 301.1567
 827.2024
 107.6345
1015.9856
 456.9337
 357.7763
 643.5757
1211.0553
 306.5881
 863.1473
 802.5962
1008.2568
  70.4114
 897.9978
1046.8233
 353.7136
1643.7949
 838.0743
 178.5625
1837.1593
 605.5393
 368.7876
 321.2385
 625.3583
 598.1780
1923.8982
 526.1823
1718.2244
 855.8184
 807.7199
 522.0062
1418.6918
 370.5602
 150.6077
 479.3814
 457.8831
 503.3340
 568.6381
 734.1744
 314.9685
 698.1513
 650.1638
 714.5928
 363.1031
 374.7578
 695.3100
1754.7435
  89.9368
 722.3335
 995.1146
1026.5215
 501.6772
 240.1372
 466.5770
 715.8705
 854.6283
 339.9769
1274.4507
 206.3286
 682.6012
1285.9884
  59.3011
 370.4727
 510.4296
 645.4752
 559.4782
1081.4847
 675.7339
 249.3372
 210.7972
 994.6090
 989.6278
 309.9280
 677.0491
 613.2305
 397.9276
 683.7038
 504.4105
 718.8831
 766.4300
 258.7114
 883.2209
 718.5819
 386.8854
 344.0758
 755.1563
1215.0488
 635.3528
 258.5581
1018.2647
 219.8148
 985.6291
 150.3529
 705.0277
 835.7142
 865.7682
 982.0542
 489.4937
1401.3923
1437.4495
 362.6405
 200.7545
 720.6185
 644.3307
 500.7215
 179.8672
1242.7524
 852.5257
 541.3567
 599.0264
 702.7071
  89.3745
 380.6718
 237.8717
 721.2723
 243.2869
 264.3738
 960.8212
 393.8037
2170.5419
1129.1651
 473.9830
  90.3606
 817.3290
 390.9267
 301.6719
 835.2473
 269.3832
1116.2153
 185.0659
 542.9399
1332.9262
 390.4897
1877.3743
1461.5450
 692.2273
 194.1877
 157.0491
 575.8339
 947.7583
 245.9000
1307.9841
 261.1060
 894.4121
 643.6711
1550.7216
 418.7888
 378.0344
 171.5504
1039.0397
 258.3113
 644.1374
 733.9865
 491.1478
 822.9044
1371.4562
 596.3586
 961.4209
 834.2210
 860.4246
1149.2690
 784.4028
 243.7508
 350.6341
1258.7326
 418.7236
 631.7388
 814.3694
 374.0877
 985.4118
 931.1658
1046.2670
 520.4048
 378.0809
 968.8643
 866.8860
 516.7503
 333.2040
 674.6370
 574.8788
 704.7138
 834.0102
 501.5146
 787.1112
1590.7393
 376.6821
 459.9154
1013.6899
 579.8274
 903.2823
 421.3953
 647.1489
 614.7114
 321.6575
 202.2447
 905.9264
1076.6956
 813.0721
 200.0653
 769.8426
 776.9477
1449.8885
 183.9895
 143.5130
 577.2679
 174.8144
 903.5071
 520.3455
1243.8774
 277.8442
  80.2546
 576.4385
 589.7382
 864.7499
1097.3995
1785.6657
 383.9876
 199.1408
 486.7613
1295.9591
 269.2378
 526.9474
 501.5229
 278.0594
1339.1960
 994.8018
 443.3716
1540.1775
 434.3769
 952.8759
1338.6394
 878.7422
 802.7095
 490.6063
 314.1484
 928.6215
 974.6438
 372.6460
 791.5370
 415.3971
 787.6218
 485.6370
 776.4405
 404.0954
 453.3510
1152.0668
 214.8171
 638.7080
  98.3383
 584.9215
 154.1859
 600.3433
 190.7492
1482.3754
 671.5254
 481.8708
 835.4624
 256.9479
 356.9762
1052.4880
 773.6610
 171.1101
 571.0260
 279.0961
 508.4511
 390.0530
1041.3036
 282.6779
 606.3306
 493.7738
 322.8510
 494.9949
 522.7416
 907.8335
 268.1327
 425.7098
 790.5352
 664.8515
 570.7950
 458.4546
 174.8996
2219.4252
 480.6092
 841.4078
 464.8619
 426.1752
 987.9419
 821.1493
 681.4095
 525.6503
 439.4272
 867.9060
 890.7132
 998.1831
 525.2212
 648.6072
1059.9410
 340.0148
 639.7349
 561.6796
 258.6484
 519.5794
 473.4468
1037.6031
 949.7436
 569.2087
 658.7833
1195.6489
 383.0855
 357.4350
 455.1443
 506.0563
 374.3608
 274.0859
 880.0153
 868.7229
 474.7762
 260.7293
 472.6071
 434.8733
1150.8356
 767.7698
 293.7634
 950.3650
 946.0173
 333.0741
 493.9987
 923.4363
1062.6406
 481.9460
1103.5579
 274.9809
 318.8977
 704.3543
 804.2603
1384.1585
 679.9586
 644.8606
1000.4622
 449.6215
 184.4677
 217.3544
1287.1958
 130.5335
 929.2989
 370.2628
 315.5725
 785.5101
 662.5371
 392.8739
 397.1559
 906.5347
 973.3372
 488.3430
1060.0878
 240.4759
 397.2757
 809.8143
1240.0190
 677.4198
 643.4373
 773.5447
 345.3950
 267.2943
1287.1678
 436.4117
 591.0185
 794.2334
 493.6921
 550.9782
